((("pyhead" .
   [5 0 0 0 0 0])
  ("count" .
   [1 0 0 0 0])
  ("time_difflib_test" .
   [0 0 0 0 0 1 0 0 0 0 0 0 0 0 0 0 0])
  ("next" .
   [1 0 0 0])
  ("udiff" .
   [0 0 0 1 0])
  ("range" .
   [1 0 0 0 0])
  ("for" .
   [2 0 0])
  ("show_lines_count" .
   [0 0 0 0 0 0 0 0 0 0 0 1 0 0 0 0])
  ("getLength" .
   [0 0 0 0 1 0 0 0 0])
  ("log" .
   [3 0 0])
  ("console" .
   [2 0 0 0 0 0 0])
  ("fontsize" .
   [0 0 0 1 0 0 0 0])
  ("style" .
   [1 0 1 0 0])
  ("dom_editor" .
   [0 0 0 0 1 0 0 0 0 0])
  ("var" .
   [1 0 0])
  ("getValue" .
   [0 0 0 1 0 0 0 0])
  ("ses" .
   [1 0 0])
  ("getSession" .
   [0 0 0 0 1 2 0 0 0 0])
  ("edit" .
   [1 0 0 0])
  ("alert" .
   [0 0 0 1 0])
  ("function" .
   [0 0 0 0 1 0 0 0])
  ("click" .
   [1 0 0 0 0])
  ("editor" .
   [4 0 1 0 0 0])
  ("ace" .
   [1 0 0])
  ("title" .
   [1 0 0 1 0])
  ("main" .
   [1 0 0 0])
  ("body" .
   [3 0 0 0])
  ("head" .
   [2 0 0 0])
  ("spam_sub" .
   [0 0 0 0 0 0 0 1])
  ("sub" .
   [0 0 1])
  ("return" .
   [1 0 0 0 0 0])
  ("in" .
   [3 0])
  ("d" .
   [1])
  ("arg1" .
   [1 0 0 0])
  ("int" .
   [4 0 0])
  ("extern" .
   [0 0 0 0 1 0])
  ("content" .
   [0 0 0 1 0 0 0])
  ("Content" .
   [0 0 0 0 0 0 1])
  ("echo" .
   [4 0 0 0])
  ("!/bin/sh" .
   [1 0 0 0 0 0 0 0])
  ("split" .
   [0 0 1 0 0])
  ("class" .
   [0 0 1 0 0])
  ("time" .
   [0 0 0 1])
  ("time1" .
   [0 0 0 0 1])
  ("pywhois" .
   [1 0 0 0 0 0 0])
  ("domain" .
   [1 0 0 0 0 0])
  ("define" .
   [0 0 0 1 0 0])
  ("import" .
   [3 0 0 0 0 0])
  ("def" .
   [1 0 0])
  ("python" .
   [2 0 0 0 0 0])
  ("py" .
   [1 0])
  ("en" .
   [1 0])
  ("bin" .
   [2 0 0])
  ("us" .
   [1 0])
  ("im" .
   [1 0])
  ("from" .
   [1 0 0 0])
  ("gevent" .
   [0 0 0 0 1 0])
  ("monkey" .
   [0 0 0 1 1 0])
  ("print" .
   [3 0 0 0 0])
  ("lst" .
   [1 0 0])))
